# Wavefront Obj file
# 
# verts: 6047 uv-s: 10001
mtllib concert_stage.mtl

g screen1
#pivot 0.000000 0.000000 0.000000

v 12.108706 10.355714 -3.486855
v 24.794712 10.355714 2.761429
v 12.108706 18.621895 -3.486855
v 24.794712 18.621895 2.761429
v 12.199864 18.621895 -3.671936
v 24.885870 18.621895 2.576347
v 12.199864 10.355714 -3.671936
v 24.885870 10.355714 2.576347
v 12.256098 10.509370 -3.414261
v 24.647322 10.509370 2.688835
v 24.647322 18.468241 2.688835
v 12.256098 18.468241 -3.414261
v 12.065746 10.355714 -3.399628
v 24.751751 10.355714 2.848648
v 24.604362 10.509370 2.776054
v 12.213137 10.509370 -3.327034
v 24.751751 18.621895 2.848648
v 24.604362 18.468241 2.776054
v 12.065746 18.621895 -3.399628
v 12.213137 18.468241 -3.327034
# 20 positions

vt 0.096316 0.984964
vt 0.090420 0.017389
vt 0.893654 0.983222
vt 0.893688 0.014308
vt 0.093566 0.496970
vt 0.893852 0.494535
vt 0.093707 0.508578
vt 0.081958 0.497029
vt 0.893782 0.506145
vt 0.905461 0.494513
vt 0.096290 0.973356
vt 0.078812 0.017483
vt 0.893629 0.971613
vt 0.905297 0.014323
vt 0.105210 0.034446
vt 0.879069 0.031490
vt 0.879212 0.477433
vt 0.108048 0.479757
vt 0.093181 0.021604
vt 0.890982 0.018550
vt 0.881747 0.027231
vt 0.102477 0.030213
vt 0.891123 0.490308
vt 0.881913 0.481678
vt 0.096244 0.492715
vt 0.105400 0.484030
# 26 texture coordinates

vn 0.000000 -1.000000 0.000000
vn -0.897095 0.000000 -0.441837
vn 0.000000 -1.000000 0.000000
vn 0.897086 0.000000 0.441856
vn 0.000000 1.000000 0.000000
vn -0.897095 0.000000 -0.441837
vn 0.000000 1.000000 0.000000
vn 0.897086 0.000000 0.441856
vn 0.000000 1.000000 0.000000
vn 0.441847 0.000000 -0.897090
vn -0.897092 0.000000 -0.441844
vn 0.000000 1.000000 0.000000
vn 0.441847 0.000000 -0.897090
vn 0.897092 0.000000 0.441843
vn 0.441847 0.000000 -0.897090
vn 0.000000 -1.000000 0.000000
vn -0.897092 0.000000 -0.441844
vn 0.441847 0.000000 -0.897090
vn 0.000000 -1.000000 0.000000
vn 0.897092 0.000000 0.441843
vn -0.441847 0.000000 0.897090
vn 0.000000 1.000000 0.000000
vn 0.897095 0.000000 0.441839
vn -0.441847 0.000000 0.897090
vn 0.000000 1.000000 0.000000
vn -0.897087 0.000000 -0.441855
vn -0.441847 0.000000 0.897090
vn -0.897087 0.000000 -0.441855
vn 0.000000 -1.000000 0.000000
vn -0.441847 0.000000 0.897090
vn 0.000000 -1.000000 0.000000
vn 0.897095 0.000000 0.441839
vn -0.441846 0.000001 0.897091
vn 0.000000 -1.000000 0.000000
vn -0.897098 0.000000 -0.441831
vn -0.441848 0.000001 0.897090
vn 0.000000 -1.000000 0.000000
vn 0.897079 0.000000 0.441870
vn -0.441848 0.000001 0.897090
vn 0.000000 1.000000 0.000000
vn -0.897087 0.000000 -0.441855
vn -0.441846 0.000001 0.897091
vn 0.000000 1.000000 0.000000
vn 0.897095 0.000000 0.441839
vn -0.441848 -0.000001 0.897090
vn 0.897079 0.000000 0.441870
vn 0.000000 1.000000 0.000000
vn -0.441848 -0.000001 0.897090
vn -0.897087 0.000000 -0.441855
vn 0.000000 -1.000000 0.000000
vn -0.441846 -0.000001 0.897091
vn 0.000000 1.000000 0.000000
vn -0.897098 0.000000 -0.441831
vn -0.441846 -0.000001 0.897091
vn 0.000000 -1.000000 0.000000
vn 0.897095 0.000000 0.441839
# 56 normals

usemtl default
s 1
f 9/15/21 10/16/24 11/17/27 12/18/30
s 2
f 3/5/5 4/6/7 6/9/12 5/7/9
f 4/6/7 3/5/5 19/25/52 17/23/47
s 3
f 5/7/10 6/9/13 8/13/18 7/11/15
s 4
f 7/11/16 8/13/19 2/3/3 1/1/1
f 1/2/1 2/4/3 14/20/37 13/19/34
s 5
f 2/4/4 8/14/20 6/10/14 4/6/8
f 2/4/4 4/6/8 17/23/46 14/20/38
s 6
f 7/12/17 1/2/2 3/5/6 5/8/11
f 3/5/6 1/2/2 13/19/35 19/25/53
s 7
f 13/19/33 14/20/36 15/21/39 16/22/42
f 14/20/36 17/23/45 18/24/48 15/21/39
f 17/23/45 19/25/51 20/26/54 18/24/48
f 19/25/51 13/19/33 16/22/42 20/26/54
s 8
f 10/16/25 9/15/22 16/22/43 15/21/40
s 9
f 11/17/28 10/16/26 15/21/41 18/24/49
s 10
f 12/18/31 11/17/29 18/24/50 20/26/55
s 11
f 9/15/23 12/18/32 20/26/56 16/22/44

g screen2
#pivot 0.000000 0.000000 0.000000

v -24.608606 10.355714 1.809082
v -11.200072 10.355714 -2.683907
v -24.608606 18.621895 1.809082
v -11.200072 18.621895 -2.683907
v -24.674158 18.621895 1.613457
v -11.265623 18.621895 -2.879532
v -24.674158 10.355714 1.613457
v -11.265623 10.355714 -2.879532
v -24.452822 10.509370 1.756882
v -11.355858 10.509370 -2.631706
v -11.355858 18.468241 -2.631706
v -24.452822 18.468241 1.756882
v -24.577715 10.355714 1.901268
v -11.169185 10.355714 -2.591713
v -11.324965 10.509370 -2.539513
v -24.421930 10.509370 1.849068
v -11.169185 18.621895 -2.591713
v -11.324965 18.468241 -2.539513
v -24.577715 18.621895 1.901268
v -24.421930 18.468241 1.849068
# 20 positions

vt 0.099469 0.988344
vt 0.090014 0.026762
vt 0.891880 0.983650
vt 0.888314 0.020714
vt 0.094923 0.503371
vt 0.890262 0.497978
vt 0.095106 0.514906
vt 0.083386 0.503472
vt 0.890235 0.509516
vt 0.901799 0.497912
vt 0.099400 0.976807
vt 0.078477 0.026898
vt 0.891812 0.972112
vt 0.899851 0.020685
vt 0.104776 0.043657
vt 0.873849 0.037844
vt 0.875648 0.481035
vt 0.109251 0.486210
vt 0.092774 0.030939
vt 0.885640 0.024940
vt 0.876495 0.033601
vt 0.102044 0.039461
vt 0.887534 0.493786
vt 0.878348 0.485244
vt 0.097568 0.499132
vt 0.106635 0.490466
# 26 texture coordinates

vn 0.000000 -1.000000 0.000000
vn -0.948181 0.000000 0.317730
vn 0.000000 -1.000000 0.000000
vn 0.948192 0.000000 -0.317698
vn 0.000000 1.000000 0.000000
vn -0.948181 0.000000 0.317730
vn 0.000000 1.000000 0.000000
vn 0.948192 0.000000 -0.317698
vn 0.000000 1.000000 0.000000
vn -0.317722 0.000000 -0.948184
vn -0.948183 0.000000 0.317726
vn 0.000000 1.000000 0.000000
vn -0.317722 0.000000 -0.948184
vn 0.948184 0.000000 -0.317721
vn -0.317722 0.000000 -0.948184
vn 0.000000 -1.000000 0.000000
vn -0.948183 0.000000 0.317726
vn -0.317722 0.000000 -0.948184
vn 0.000000 -1.000000 0.000000
vn 0.948184 0.000000 -0.317721
vn 0.317722 0.000000 0.948184
vn 0.000000 1.000000 0.000000
vn 0.948180 0.000000 -0.317734
vn 0.317722 0.000000 0.948184
vn 0.000000 1.000000 0.000000
vn -0.948181 0.000000 0.317730
vn 0.317722 0.000000 0.948184
vn -0.948181 0.000000 0.317730
vn 0.000000 -1.000000 0.000000
vn 0.317722 0.000000 0.948184
vn 0.000000 -1.000000 0.000000
vn 0.948180 0.000000 -0.317734
vn 0.317719 -0.000002 0.948185
vn 0.000000 -1.000000 0.000000
vn -0.948180 0.000000 0.317734
vn 0.317723 -0.000002 0.948183
vn 0.000000 -1.000000 0.000000
vn 0.948200 0.000000 -0.317674
vn 0.317723 -0.000002 0.948183
vn 0.000000 1.000000 0.000000
vn -0.948181 0.000000 0.317730
vn 0.317719 -0.000002 0.948185
vn 0.000000 1.000000 0.000000
vn 0.948180 0.000000 -0.317734
vn 0.317723 0.000002 0.948183
vn 0.948200 0.000000 -0.317674
vn 0.000000 1.000000 0.000000
vn 0.317723 0.000002 0.948183
vn -0.948181 0.000000 0.317730
vn 0.000000 -1.000000 0.000000
vn 0.317719 0.000002 0.948185
vn 0.000000 1.000000 0.000000
vn -0.948180 0.000000 0.317734
vn 0.317719 0.000002 0.948185
vn 0.000000 -1.000000 0.000000
vn 0.948180 0.000000 -0.317734
# 56 normals

usemtl default
s 12
f 29/41/77 30/42/80 31/43/83 32/44/86
s 13
f 23/31/61 24/32/63 26/35/68 25/33/65
f 24/32/63 23/31/61 39/51/108 37/49/103
s 14
f 25/33/66 26/35/69 28/39/74 27/37/71
s 15
f 27/37/72 28/39/75 22/29/59 21/27/57
f 21/28/57 22/30/59 34/46/93 33/45/90
s 16
f 22/30/60 28/40/76 26/36/70 24/32/64
f 22/30/60 24/32/64 37/49/102 34/46/94
s 17
f 27/38/73 21/28/58 23/31/62 25/34/67
f 23/31/62 21/28/58 33/45/91 39/51/109
s 18
f 33/45/89 34/46/92 35/47/95 36/48/98
f 34/46/92 37/49/101 38/50/104 35/47/95
f 37/49/101 39/51/107 40/52/110 38/50/104
f 39/51/107 33/45/89 36/48/98 40/52/110
s 19
f 30/42/81 29/41/78 36/48/99 35/47/96
s 20
f 31/43/84 30/42/82 35/47/97 38/50/105
s 21
f 32/44/87 31/43/85 38/50/106 40/52/111
s 22
f 29/41/79 32/44/88 40/52/112 36/48/100

g stage
#pivot 0.000000 0.000000 0.000000

v 6.506231 0.045872 18.307301
v 9.691613 0.045872 21.492683
v 6.506231 0.510593 18.307301
v 9.691613 0.510593 21.492683
v 15.033189 0.510593 16.151108
v 11.872685 0.510593 12.990603
v 11.872685 0.045872 12.990603
v 15.033189 0.045872 16.151108
v 14.270104 0.510593 16.914192
v 11.084723 0.510593 13.728809
v 11.084723 0.045872 13.728809
v 14.270104 0.045872 16.914192
v 13.507024 0.510593 17.677273
v 10.321641 0.510593 14.491891
v 10.321641 0.045872 14.491891
v 13.507024 0.045872 17.677273
v 12.743940 0.510593 18.440350
v 9.558559 0.510593 15.254971
v 9.558559 0.045872 15.254971
v 12.743940 0.045872 18.440350
v 11.980860 0.510593 19.203438
v 8.795477 0.510593 16.018055
v 8.795477 0.045872 16.018055
v 11.980860 0.045872 19.203438
v 11.217777 0.510593 19.966518
v 8.032395 0.510593 16.781136
v 8.032395 0.045872 16.781136
v 11.217777 0.045872 19.966518
v 10.454696 0.510593 20.729599
v 7.269313 0.510593 17.544220
v 7.269313 0.045872 17.544220
v 10.454696 0.045872 20.729599
v 15.033189 1.016431 16.151108
v 11.872685 1.016431 12.990603
v 14.270104 1.016431 16.914192
v 11.084723 1.016431 13.728809
v 13.507024 1.016431 17.677273
v 10.321641 1.016431 14.491891
v 12.743940 1.016431 18.440350
v 9.558559 1.016431 15.254971
v 11.980860 1.016431 19.203438
v 8.795477 1.016431 16.018055
v 11.217777 1.016431 19.966518
v 8.032395 1.016431 16.781136
v 10.454696 1.016431 20.729599
v 7.269313 1.016431 17.544220
v 15.033189 1.433270 16.151108
v 11.872685 1.433270 12.990603
v 14.270104 1.433270 16.914192
v 11.084723 1.433270 13.728809
v 13.507024 1.433270 17.677273
v 10.321641 1.433270 14.491891
v 12.743940 1.433270 18.440350
v 9.558559 1.433270 15.254971
v 11.980860 1.433270 19.203438
v 8.795477 1.433270 16.018055
v 11.217777 1.433270 19.966518
v 8.032395 1.433270 16.781136
v 15.033189 1.835635 16.151108
v 11.872685 1.835635 12.990603
v 14.270104 1.835635 16.914192
v 11.084723 1.835635 13.728809
v 13.507024 1.835635 17.677273
v 10.321641 1.835635 14.491891
v 12.743940 1.835635 18.440350
v 9.558559 1.835635 15.254971
v 11.980860 1.835635 19.203438
v 8.795477 1.835635 16.018055
v 15.033189 2.316126 16.151108
v 11.872685 2.316126 12.990603
v 14.270104 2.316126 16.914192
v 11.084723 2.316126 13.728809
v 13.507024 2.316126 17.677273
v 10.321641 2.316126 14.491891
v 12.743940 2.316126 18.440350
v 9.558559 2.316126 15.254971
v 15.033189 2.752253 16.151108
v 11.872685 2.752253 12.990603
v 14.270104 2.752253 16.914192
v 11.084723 2.752253 13.728809
v 13.507024 2.752253 17.677273
v 10.321641 2.752253 14.491891
v 15.033189 3.187782 16.151108
v 11.872685 3.187782 12.990603
v 14.270104 3.187782 16.914192
v 11.084723 3.187782 13.728809
v -9.769047 0.045872 21.461823
v -6.583666 0.045872 18.276440
v -9.769047 0.510593 21.461823
v -6.583666 0.510593 18.276440
v -11.925241 0.510593 12.934864
v -15.085745 0.510593 16.095367
v -15.085745 0.045872 16.095367
v -11.925241 0.045872 12.934864
v -11.162157 0.510593 13.697948
v -14.347537 0.510593 16.883331
v -14.347537 0.045872 16.883331
v -11.162157 0.045872 13.697948
v -10.399075 0.510593 14.461030
v -13.584456 0.510593 17.646412
v -13.584456 0.045872 17.646412
v -10.399075 0.045872 14.461030
v -9.635992 0.510593 15.224113
v -12.821375 0.510593 18.409492
v -12.821375 0.045872 18.409492
v -9.635992 0.045872 15.224113
v -8.872910 0.510593 15.987194
v -12.058292 0.510593 19.172577
v -12.058292 0.045872 19.172577
v -8.872910 0.045872 15.987194
v -8.109829 0.510593 16.750275
v -11.295212 0.510593 19.935658
v -11.295212 0.045872 19.935658
v -8.109829 0.045872 16.750275
v -7.346746 0.510593 17.513359
v -10.532129 0.510593 20.698738
v -10.532129 0.045872 20.698738
v -7.346746 0.045872 17.513359
v -11.925241 1.016431 12.934864
v -15.085745 1.016431 16.095367
v -11.162157 1.016431 13.697948
v -14.347537 1.016431 16.883331
v -10.399075 1.016431 14.461030
v -13.584456 1.016431 17.646412
v -9.635992 1.016431 15.224113
v -12.821375 1.016431 18.409492
v -8.872910 1.016431 15.987194
v -12.058292 1.016431 19.172577
v -8.109829 1.016431 16.750275
v -11.295212 1.016431 19.935658
v -7.346746 1.016431 17.513359
v -10.532129 1.016431 20.698738
v -11.925241 1.433270 12.934864
v -15.085745 1.433270 16.095367
v -11.162157 1.433270 13.697948
v -14.347537 1.433270 16.883331
v -10.399075 1.433270 14.461030
v -13.584456 1.433270 17.646412
v -9.635992 1.433270 15.224113
v -12.821375 1.433270 18.409492
v -8.872910 1.433270 15.987194
v -12.058292 1.433270 19.172577
v -8.109829 1.433270 16.750275
v -11.295212 1.433270 19.935658
v -11.925241 1.835635 12.934864
v -15.085745 1.835635 16.095367
v -11.162157 1.835635 13.697948
v -14.347537 1.835635 16.883331
v -10.399075 1.835635 14.461030
v -13.584456 1.835635 17.646412
v -9.635992 1.835635 15.224113
v -12.821375 1.835635 18.409492
v -8.872910 1.835635 15.987194
v -12.058292 1.835635 19.172577
v -11.925241 2.316126 12.934864
v -15.085745 2.316126 16.095367
v -11.162157 2.316126 13.697948
v -14.347537 2.316126 16.883331
v -10.399075 2.316126 14.461030
v -13.584456 2.316126 17.646412
v -9.635992 2.316126 15.224113
v -12.821375 2.316126 18.409492
v -11.925241 2.752253 12.934864
v -15.085745 2.752253 16.095367
v -11.162157 2.752253 13.697948
v -14.347537 2.752253 16.883331
v -10.399075 2.752253 14.461030
v -13.584456 2.752253 17.646412
v -11.925241 3.187782 12.934864
v -15.085745 3.187782 16.095367
v -11.162157 3.187782 13.697948
v -14.347537 3.187782 16.883331
v -6.583611 0.000000 18.276306
v 6.506249 0.000000 18.307228
v -6.583611 3.169680 18.276306
v 6.506249 3.169680 18.307228
v -11.925241 3.169680 12.934887
v 11.872684 3.169680 12.990601
v -11.925241 0.000000 12.934887
v 11.872684 0.000000 12.990601
v 0.026279 3.169680 -21.410080
v 0.026279 0.000000 -21.410080
v 15.029819 3.169680 16.141472
v 15.029819 0.000000 16.141472
v -15.082376 3.169680 16.070976
v -15.082376 0.000000 16.070976
v 21.445648 3.169680 16.142895
v 21.445648 0.000000 16.142895
v -21.488104 3.169680 16.018452
v -21.488104 0.000000 16.018452
v 33.710442 3.169680 3.450691
v 33.710442 0.000000 3.450691
v 33.752895 0.000000 -21.327492
v 33.752895 3.169680 -21.327492
v -33.752895 3.169680 3.285515
v -33.752895 0.000000 3.285515
v -33.710442 3.169680 -21.492676
v -33.710442 0.000000 -21.492676
v 26.960457 0.000000 21.346020
v 30.662741 0.000000 17.288795
v 26.960457 0.119594 21.346020
v 30.662741 0.119594 17.288795
v 21.484526 3.155569 16.101566
v 25.226414 3.155569 12.234230
v 21.484526 0.000000 16.101566
v 25.226414 0.000000 12.234230
v -30.669128 0.000000 17.356628
v -26.773653 0.000000 21.228748
v -30.669128 0.119594 17.356628
v -26.773653 0.119594 21.228748
v -25.195681 3.155569 12.109585
v -21.491615 3.155569 16.013161
v -25.195681 0.000000 12.109585
v -21.491615 0.000000 16.013161
v 28.244085 3.061213 3.473434
v 33.594681 3.061213 3.473434
v 28.244085 31.182600 3.473434
v 33.594681 31.182600 3.473434
v 28.244085 31.182600 0.244545
v 33.594681 31.182600 0.244545
v 28.244085 3.061213 0.244545
v 33.594681 3.061213 0.244545
v 33.594681 30.671303 3.473434
v 28.244085 30.671303 3.473434
v 28.244085 30.671303 0.244545
v 33.594681 30.671303 0.244545
v 33.594681 3.572511 3.473434
v 28.244085 3.572511 3.473434
v 28.244085 3.572511 0.244545
v 33.594681 3.572511 0.244545
v 28.613447 3.572511 3.473434
v 28.613447 30.671303 3.473434
v 33.225315 3.572511 3.473434
v 33.225315 30.671303 3.473434
v 28.613447 3.572511 3.830696
v 28.613447 30.671303 3.830696
v 33.225315 3.572511 3.830696
v 33.225315 30.671303 3.830696
v 33.225315 10.347209 3.830696
v 28.613447 10.347209 3.830696
v 28.613447 10.347209 3.473434
v 28.244085 10.347209 3.473434
v 28.244085 10.347209 0.244545
v 33.594681 10.347209 0.244545
v 33.594681 10.347209 3.473434
v 33.225315 10.347209 3.473434
v 33.225315 23.896605 3.830696
v 28.613447 23.896605 3.830696
v 28.613447 23.896605 3.473434
v 28.244085 23.896605 3.473434
v 28.244085 23.896605 0.244545
v 33.594681 23.896605 0.244545
v 33.594681 23.896605 3.473434
v 33.225315 23.896605 3.473434
v 33.225315 10.096293 3.830696
v 28.613447 10.096293 3.830696
v 28.613447 10.096293 3.473434
v 28.244085 10.096293 3.473434
v 28.244085 10.096293 0.244545
v 33.594681 10.096293 0.244545
v 33.594681 10.096293 3.473434
v 33.225315 10.096293 3.473434
v 33.225315 24.147520 3.830696
v 28.613447 24.147520 3.830696
v 28.613447 24.147520 3.473434
v 28.244085 24.147520 3.473434
v 28.244085 24.147520 0.244545
v 33.594681 24.147520 0.244545
v 33.594681 24.147520 3.473434
v 33.225315 24.147520 3.473434
v 33.225315 16.996695 3.830696
v 28.613447 16.996695 3.830696
v 28.613447 16.996695 3.473434
v 28.244085 16.996695 3.473434
v 28.244085 16.996695 0.244545
v 33.594681 16.996695 0.244545
v 33.594681 16.996695 3.473434
v 33.225315 16.996695 3.473434
v 33.225315 17.247118 3.830696
v 28.613447 17.247118 3.830696
v 28.613447 17.247118 3.473434
v 28.244085 17.247118 3.473434
v 28.244085 17.247118 0.244545
v 33.594681 17.247118 0.244545
v 33.594681 17.247118 3.473434
v 33.225315 17.247118 3.473434
v 28.738546 23.977535 3.789604
v 28.738546 24.066587 3.789604
v 33.100216 23.977535 3.789604
v 33.100216 24.066587 3.789604
v 28.738546 10.177227 3.789604
v 28.738546 10.266275 3.789604
v 33.100216 10.177227 3.789604
v 33.100216 10.266275 3.789604
v 28.738546 17.077469 3.789604
v 28.738546 17.166342 3.789604
v 33.100216 17.077469 3.789604
v 33.100216 17.166342 3.789604
v 33.594681 31.182600 1.320839
v 28.244085 31.182600 1.320839
v 28.244085 30.671303 1.320839
v 28.244085 24.147520 1.320839
v 28.244085 23.896605 1.320839
v 28.244085 17.247118 1.320839
v 28.244085 16.996695 1.320839
v 28.244085 10.347209 1.320839
v 28.244085 10.096293 1.320839
v 28.244085 3.572512 1.320839
v 28.244085 3.061213 1.320839
v 33.594681 3.061213 1.320839
v 33.594681 3.572512 1.320839
v 33.594681 10.096293 1.320839
v 33.594681 10.347209 1.320839
v 33.594681 16.996695 1.320839
v 33.594681 17.247118 1.320839
v 33.594681 23.896605 1.320839
v 33.594681 24.147520 1.320839
v 33.594681 30.671303 1.320839
v 33.594681 34.742340 1.320839
v 28.244085 34.742340 1.320839
v 33.594681 34.742340 0.244545
v 28.244085 34.742340 0.244545
v -28.063131 31.182600 1.320839
v -28.063131 31.182600 0.244545
v -28.063131 34.742340 1.320839
v -28.063131 34.742340 0.244545
v -33.413727 3.061213 3.473434
v -28.063131 3.061213 3.473434
v -33.413727 31.182600 3.473434
v -28.063131 31.182600 3.473434
v -33.413727 31.182600 0.244545
v -33.413727 3.061213 0.244545
v -28.063131 3.061213 0.244545
v -28.063131 30.671303 3.473434
v -33.413727 30.671303 3.473434
v -33.413727 30.671303 0.244545
v -28.063131 30.671303 0.244545
v -28.063131 3.572511 3.473434
v -33.413727 3.572511 3.473434
v -33.413727 3.572511 0.244545
v -28.063131 3.572511 0.244545
v -33.044361 3.572511 3.473434
v -33.044361 30.671303 3.473434
v -28.432497 3.572511 3.473434
v -28.432497 30.671303 3.473434
v -33.044361 3.572511 3.830696
v -33.044361 30.671303 3.830696
v -28.432497 3.572511 3.830696
v -28.432497 30.671303 3.830696
v -28.432497 10.347209 3.830696
v -33.044361 10.347209 3.830696
v -33.044361 10.347209 3.473434
v -33.413727 10.347209 3.473434
v -33.413727 10.347209 0.244545
v -28.063131 10.347209 0.244545
v -28.063131 10.347209 3.473434
v -28.432497 10.347209 3.473434
v -28.432497 23.896605 3.830696
v -33.044361 23.896605 3.830696
v -33.044361 23.896605 3.473434
v -33.413727 23.896605 3.473434
v -33.413727 23.896605 0.244545
v -28.063131 23.896605 0.244545
v -28.063131 23.896605 3.473434
v -28.432497 23.896605 3.473434
v -28.432497 10.096293 3.830696
v -33.044361 10.096293 3.830696
v -33.044361 10.096293 3.473434
v -33.413727 10.096293 3.473434
v -33.413727 10.096293 0.244545
v -28.063131 10.096293 0.244545
v -28.063131 10.096293 3.473434
v -28.432497 10.096293 3.473434
v -28.432497 24.147520 3.830696
v -33.044361 24.147520 3.830696
v -33.044361 24.147520 3.473434
v -33.413727 24.147520 3.473434
v -33.413727 24.147520 0.244545
v -28.063131 24.147520 0.244545
v -28.063131 24.147520 3.473434
v -28.432497 24.147520 3.473434
v -28.432497 16.996695 3.830696
v -33.044361 16.996695 3.830696
v -33.044361 16.996695 3.473434
v -33.413727 16.996695 3.473434
v -33.413727 16.996695 0.244545
v -28.063131 16.996695 0.244545
v -28.063131 16.996695 3.473434
v -28.432497 16.996695 3.473434
v -28.432497 17.247118 3.830696
v -33.044361 17.247118 3.830696
v -33.044361 17.247118 3.473434
v -33.413727 17.247118 3.473434
v -33.413727 17.247118 0.244545
v -28.063131 17.247118 0.244545
v -28.063131 17.247118 3.473434
v -28.432497 17.247118 3.473434
v -32.919262 23.977535 3.789604
v -32.919262 24.066587 3.789604
v -28.557596 23.977535 3.789604
v -28.557596 24.066587 3.789604
v -32.919262 10.177227 3.789604
v -32.919262 10.266275 3.789604
v -28.557596 10.177227 3.789604
v -28.557596 10.266275 3.789604
v -32.919262 17.077469 3.789604
v -32.919262 17.166342 3.789604
v -28.557596 17.077469 3.789604
v -28.557596 17.166342 3.789604
v -33.413727 31.182600 1.320839
v -33.413727 30.671303 1.320839
v -33.413727 24.147520 1.320839
v -33.413727 23.896605 1.320839
v -33.413727 17.247118 1.320839
v -33.413727 16.996695 1.320839
v -33.413727 10.347209 1.320839
v -33.413727 10.096293 1.320839
v -33.413727 3.572512 1.320839
v -33.413727 3.061213 1.320839
v -28.063131 3.061213 1.320839
v -28.063131 3.572512 1.320839
v -28.063131 10.096293 1.320839
v -28.063131 10.347209 1.320839
v -28.063131 16.996695 1.320839
v -28.063131 17.247118 1.320839
v -28.063131 23.896605 1.320839
v -28.063131 24.147520 1.320839
v -28.063131 30.671303 1.320839
v -33.413727 34.742340 1.320839
v -33.413727 34.742340 0.244545
v 28.244085 28.077066 1.320839
v 28.244085 28.077066 0.244545
v -28.063131 28.077066 1.320839
v -28.063131 28.077066 0.244545
v -23.000505 28.077066 1.320839
v -23.000505 28.077066 0.244545
v -23.000505 31.182600 0.244545
v -23.000505 34.742340 0.244545
v -23.000505 34.742340 1.320839
v -23.000505 31.182600 1.320839
v -22.698488 28.077066 1.320839
v -22.698488 28.077066 0.244545
v -22.698488 31.182600 0.244545
v -22.698488 34.742340 0.244545
v -22.698488 34.742340 1.320839
v -22.698488 31.182600 1.320839
v 22.864887 28.077066 1.320839
v 22.864887 28.077066 0.244545
v 22.864887 31.182600 0.244545
v 22.864887 34.742340 0.244545
v 22.864887 34.742340 1.320839
v 22.864887 31.182600 1.320839
v 23.196018 28.077066 1.320839
v 23.196018 28.077066 0.244545
v 23.196018 31.182600 0.244545
v 23.196018 34.742340 0.244545
v 23.196018 34.742340 1.320839
v 23.196018 31.182600 1.320839
v -22.766314 34.520515 1.257927
v -22.766314 31.196753 1.257927
v -22.932680 34.520515 1.257927
v -22.932680 31.196753 1.257927
v -22.766314 28.270590 1.257927
v -22.932680 28.270590 1.257927
v 23.121656 34.520515 1.257927
v 23.121656 31.196753 1.257927
v 22.939251 34.520515 1.257927
v 22.939251 31.196753 1.257927
v 23.121656 28.270590 1.257927
v 22.939251 28.270590 1.257927
v 21.417500 31.638226 1.320839
v -21.251101 31.638226 1.320839
v 21.417500 34.286716 1.320839
v -21.251101 34.286716 1.320839
v 21.417500 31.638226 1.462440
v -21.251101 31.638226 1.462440
v 21.417500 34.286716 1.462440
v -21.251101 34.286716 1.462440
v -31.775640 3.006236 -6.655510
v -13.511709 3.006236 -19.677170
v -31.775640 30.655878 -6.655510
v -13.511709 30.655878 -19.677170
v -32.454338 30.655878 -7.416367
v -14.190402 30.655878 -20.438023
v -32.454338 3.006236 -7.416367
v -14.190402 3.006236 -20.438023
v 13.222727 3.006236 -20.650497
v 12.811478 3.006236 -19.717545
v 13.222727 30.655874 -20.650497
v 12.811478 30.655874 -19.717545
v 31.866400 3.006236 -6.588692
v 31.866400 30.655874 -6.588692
v 32.277645 30.655874 -7.521646
v 32.277645 3.006236 -7.521646
v 29.958759 27.190231 -0.830376
v 29.958759 27.556366 -0.830376
v -0.712772 27.190231 -0.830376
v -0.712772 27.556366 -0.830376
v -0.712772 27.190231 -1.137245
v -0.712772 27.556366 -1.137245
v 29.958759 27.190231 -1.137245
v 29.958759 27.556366 -1.137245
v 29.958759 29.107315 -0.830376
v 29.958759 29.473450 -0.830376
v -0.712772 29.107315 -0.830376
v -0.712772 29.473450 -0.830376
v -0.712772 29.107315 -1.137245
v -0.712772 29.473450 -1.137245
v 29.958759 29.107315 -1.137245
v 29.958759 29.473450 -1.137245
v 29.958759 29.107315 -2.613579
v 29.958759 29.473450 -2.613579
v -0.712772 29.107315 -2.613579
v -0.712772 29.473450 -2.613579
v -0.712772 29.107315 -2.920456
v -0.712772 29.473450 -2.920456
v 29.958759 29.107315 -2.920456
v 29.958759 29.473450 -2.920456
v 29.958759 27.190231 -2.613579
v 29.958759 27.556366 -2.613579
v -0.712772 27.190231 -2.613579
v -0.712772 27.556366 -2.613579
v -0.712772 27.190231 -2.920456
v -0.712772 27.556366 -2.920456
v 29.958759 27.190231 -2.920456
v 29.958759 27.556366 -2.920456
v 29.375587 29.199459 -0.958794
v 29.375587 29.381359 -0.958794
v 27.774446 29.199459 -2.610649
v 27.774446 29.381359 -2.610649
v 27.899906 29.199459 -2.708748
v 27.899906 29.381359 -2.708748
v 29.501047 29.199459 -1.056885
v 29.501047 29.381359 -1.056885
v 27.784760 29.199459 -2.622238
v 27.784760 29.381359 -2.622238
v 26.183620 29.199459 -0.970383
v 26.183620 29.381359 -0.970383
v 26.058159 29.199459 -1.068474
v 26.058159 29.381359 -1.068474
v 27.659304 29.199459 -2.720337
v 27.659304 29.381359 -2.720337
v 26.078371 29.199459 -0.958794
v 26.078371 29.381359 -0.958794
v 24.477228 29.199459 -2.610649
v 24.477228 29.381359 -2.610649
v 24.602688 29.199459 -2.708748
v 24.602688 29.381359 -2.708748
v 26.203831 29.199459 -1.056885
v 26.203831 29.381359 -1.056885
v 24.477396 29.199459 -2.622238
v 24.477396 29.381359 -2.622238
v 22.876257 29.199459 -0.970383
v 22.876257 29.381359 -0.970383
v 22.750792 29.199459 -1.068474
v 22.750792 29.381359 -1.068474
v 24.351936 29.199459 -2.720337
v 24.351936 29.381359 -2.720337
v 17.874405 29.199459 -2.622238
v 17.874405 29.381359 -2.622238
v 16.273262 29.199459 -0.970383
v 16.273262 29.381359 -0.970383
v 16.147802 29.199459 -1.068474
v 16.147802 29.381359 -1.068474
v 17.748943 29.199459 -2.720337
v 17.748943 29.381359 -2.720337
v 19.475378 29.199459 -0.958794
v 19.475378 29.381359 -0.958794
v 17.874235 29.199459 -2.610649
v 17.874235 29.381359 -2.610649
v 17.999695 29.199459 -2.708748
v 17.999695 29.381359 -2.708748
v 19.600838 29.199459 -1.056885
v 19.600838 29.381359 -1.056885
v 22.772594 29.199459 -0.958794
v 22.772594 29.381359 -0.958794
v 21.171452 29.199459 -2.610649
v 21.171452 29.381359 -2.610649
v 21.296913 29.199459 -2.708748
v 21.296913 29.381359 -2.708748
v 22.898056 29.199459 -1.056885
v 22.898056 29.381359 -1.056885
v 21.181770 29.199459 -2.622238
v 21.181770 29.381359 -2.622238
v 19.580627 29.199459 -0.970383
v 19.580627 29.381359 -0.970383
v 19.455170 29.199459 -1.068474
v 19.455170 29.381359 -1.068474
v 21.056309 29.199459 -2.720337
v 21.056309 29.381359 -2.720337
v 11.271410 29.199459 -2.622238
v 11.271410 29.381359 -2.622238
v 9.670269 29.199459 -0.970383
v 9.670269 29.381359 -0.970383
v 9.544807 29.199459 -1.068474
v 9.544807 29.381359 -1.068474
v 11.145950 29.199459 -2.720337
v 11.145950 29.381359 -2.720337
v 12.872387 29.199459 -0.958794
v 12.872387 29.381359 -0.958794
v 11.271244 29.199459 -2.610649
v 11.271244 29.381359 -2.610649
v 11.396703 29.199459 -2.708748
v 11.396703 29.381359 -2.708748
v 12.997847 29.199459 -1.056885
v 12.997847 29.381359 -1.056885
v 16.169603 29.199459 -0.958794
v 16.169603 29.381359 -0.958794
v 14.568460 29.199459 -2.610649
v 14.568460 29.381359 -2.610649
v 14.693919 29.199459 -2.708748
v 14.693919 29.381359 -2.708748
v 16.295063 29.199459 -1.056885
v 16.295063 29.381359 -1.056885
v 14.578775 29.199459 -2.622238
v 14.578775 29.381359 -2.622238
v 12.977634 29.199459 -0.970383
v 12.977634 29.381359 -0.970383
v 12.852175 29.199459 -1.068474
v 12.852175 29.381359 -1.068474
v 14.453316 29.199459 -2.720337
v 14.453316 29.381359 -2.720337
v 4.668415 29.199459 -2.622238
v 4.668415 29.381359 -2.622238
v 3.067274 29.199459 -0.970383
v 3.067274 29.381359 -0.970383
v 2.941814 29.199459 -1.068474
v 2.941814 29.381359 -1.068474
v 4.542955 29.199459 -2.720337
v 4.542955 29.381359 -2.720337
v 6.269394 29.199459 -0.958794
v 6.269394 29.381359 -0.958794
v 4.668251 29.199459 -2.610649
v 4.668251 29.381359 -2.610649
v 4.793709 29.199459 -2.708748
v 4.793709 29.381359 -2.708748
v 6.394854 29.199459 -1.056885
v 6.394854 29.381359 -1.056885
v 9.566611 29.199459 -0.958794
v 9.566611 29.381359 -0.958794
v 7.965469 29.199459 -2.610649
v 7.965469 29.381359 -2.610649
v 8.090927 29.199459 -2.708748
v 8.090927 29.381359 -2.708748
v 9.692072 29.199459 -1.056885
v 9.692072 29.381359 -1.056885
v 7.975784 29.199459 -2.622238
v 7.975784 29.381359 -2.622238
v 6.374643 29.199459 -0.970383
v 6.374643 29.381359 -0.970383
v 6.249182 29.199459 -1.068474
v 6.249182 29.381359 -1.068474
v 7.850325 29.199459 -2.720337
v 7.850325 29.381359 -2.720337
v 2.963617 29.199459 -0.958794
v 2.963617 29.381359 -0.958794
v 1.362474 29.199459 -2.610649
v 1.362474 29.381359 -2.610649
v 1.487934 29.199459 -2.708748
v 1.487934 29.381359 -2.708748
v 3.089079 29.199459 -1.056885
v 3.089079 29.381359 -1.056885
v 1.372791 29.199459 -2.622238
v 1.372791 29.381359 -2.622238
v -0.228352 29.199459 -0.970383
v -0.228352 29.381359 -0.970383
v -0.353809 29.199459 -1.068474
v -0.353809 29.381359 -1.068474
v 1.247332 29.199459 -2.720337
v 1.247332 29.381359 -2.720337
v 29.375587 29.198187 -2.701462
v 29.375587 29.198187 -2.883362
v 27.774446 27.546331 -2.701462
v 27.774446 27.546331 -2.883362
v 27.899906 27.448238 -2.701462
v 27.899906 27.448238 -2.883362
v 29.501047 29.100090 -2.701462
v 29.501047 29.100090 -2.883362
v 27.784760 27.534740 -2.701462
v 27.784760 27.534740 -2.883362
v 26.183620 29.186600 -2.701462
v 26.183620 29.186600 -2.883362
v 26.058159 29.088503 -2.701462
v 26.058159 29.088503 -2.883362
v 27.659304 27.436647 -2.701462
v 27.659304 27.436647 -2.883362
v 26.078371 29.198187 -2.701462
v 26.078371 29.198187 -2.883362
v 24.477228 27.546331 -2.701462
v 24.477228 27.546331 -2.883362
v 24.602688 27.448238 -2.701462
v 24.602688 27.448238 -2.883362
v 26.203831 29.100090 -2.701462
v 26.203831 29.100090 -2.883362
v 24.477396 27.534740 -2.701462
v 24.477396 27.534740 -2.883362
v 22.876257 29.186600 -2.701462
v 22.876257 29.186600 -2.883362
v 22.750792 29.088503 -2.701462
v 22.750792 29.088503 -2.883362
v 24.351936 27.436647 -2.701462
v 24.351936 27.436647 -2.883362
v 17.874405 27.534740 -2.701462
v 17.874405 27.534740 -2.883362
v 16.273262 29.186600 -2.701462
v 16.273262 29.186600 -2.883362
v 16.147802 29.088503 -2.701462
v 16.147802 29.088503 -2.883362
v 17.748943 27.436647 -2.701462
v 17.748943 27.436647 -2.883362
v 19.475378 29.198187 -2.701462
v 19.475378 29.198187 -2.883362
v 17.874235 27.546331 -2.701462
v 17.874235 27.546331 -2.883362
v 17.999695 27.448238 -2.701462
v 17.999695 27.448238 -2.883362
v 19.600838 29.100090 -2.701462
v 19.600838 29.100090 -2.883362
v 22.772594 29.198187 -2.701462
v 22.772594 29.198187 -2.883362
v 21.171452 27.546331 -2.701462
v 21.171452 27.546331 -2.883362
v 21.296913 27.448238 -2.701462
v 21.296913 27.448238 -2.883362
v 22.898056 29.100090 -2.701462
v 22.898056 29.100090 -2.883362
v 21.181770 27.534740 -2.701462
v 21.181770 27.534740 -2.883362
v 19.580627 29.186600 -2.701462
v 19.580627 29.186600 -2.883362
v 19.455170 29.088503 -2.701462
v 19.455170 29.088503 -2.883362
v 21.056309 27.436647 -2.701462
v 21.056309 27.436647 -2.883362
v 11.271410 27.534740 -2.701462
v 11.271410 27.534740 -2.883362
v 9.670269 29.186600 -2.701462
v 9.670269 29.186600 -2.883362
v 9.544807 29.088503 -2.701462
v 9.544807 29.088503 -2.883362
v 11.145950 27.436647 -2.701462
v 11.145950 27.436647 -2.883362
v 12.872387 29.198187 -2.701462
v 12.872387 29.198187 -2.883362
v 11.271244 27.546331 -2.701462
v 11.271244 27.546331 -2.883362
v 11.396703 27.448238 -2.701462
v 11.396703 27.448238 -2.883362
v 12.997847 29.100090 -2.701462
v 12.997847 29.100090 -2.883362
v 16.169603 29.198187 -2.701462
v 16.169603 29.198187 -2.883362
v 14.568460 27.546331 -2.701462
v 14.568460 27.546331 -2.883362
v 14.693919 27.448238 -2.701462
v 14.693919 27.448238 -2.883362
v 16.295063 29.100090 -2.701462
v 16.295063 29.100090 -2.883362
v 14.578775 27.534740 -2.701462
v 14.578775 27.534740 -2.883362
v 12.977634 29.186600 -2.701462
v 12.977634 29.186600 -2.883362
v 12.852175 29.088503 -2.701462
v 12.852175 29.088503 -2.883362
v 14.453316 27.436647 -2.701462
v 14.453316 27.436647 -2.883362
v 4.668415 27.534740 -2.701462
v 4.668415 27.534740 -2.883362
v 3.067274 29.186600 -2.701462
v 3.067274 29.186600 -2.883362
v 2.941814 29.088503 -2.701462
v 2.941814 29.088503 -2.883362
v 4.542955 27.436647 -2.701462
v 4.542955 27.436647 -2.883362
v 6.269394 29.198187 -2.701462
v 6.269394 29.198187 -2.883362
v 4.668251 27.546331 -2.701462
v 4.668251 27.546331 -2.883362
v 4.793709 27.448238 -2.701462
v 4.793709 27.448238 -2.883362
v 6.394854 29.100090 -2.701462
v 6.394854 29.100090 -2.883362
v 9.566611 29.198187 -2.701462
v 9.566611 29.198187 -2.883362
v 7.965469 27.546331 -2.701462
v 7.965469 27.546331 -2.883362
v 8.090927 27.448238 -2.701462
v 8.090927 27.448238 -2.883362
v 9.692072 29.100090 -2.701462
v 9.692072 29.100090 -2.883362
v 7.975784 27.534740 -2.701462
v 7.975784 27.534740 -2.883362
v 6.374643 29.186600 -2.701462
v 6.374643 29.186600 -2.883362
v 6.249182 29.088503 -2.701462
v 6.249182 29.088503 -2.883362
v 7.850325 27.436647 -2.701462
v 7.850325 27.436647 -2.883362
v 2.963617 29.198187 -2.701462
v 2.963617 29.198187 -2.883362
v 1.362474 27.546331 -2.701462
v 1.362474 27.546331 -2.883362
v 1.487934 27.448238 -2.701462
v 1.487934 27.448238 -2.883362
v 3.089079 29.100090 -2.701462
v 3.089079 29.100090 -2.883362
v 1.372791 27.534740 -2.701462
v 1.372791 27.534740 -2.883362
v -0.228352 29.186600 -2.701462
v -0.228352 29.186600 -2.883362
v -0.353809 29.088503 -2.701462
v -0.353809 29.088503 -2.883362
v 1.247332 27.436647 -2.701462
v 1.247332 27.436647 -2.883362
v 29.375587 27.276369 -0.958794
v 29.375587 27.458269 -0.958794
v 27.774446 27.276369 -2.610649
v 27.774446 27.458269 -2.610649
v 27.899906 27.276369 -2.708748
v 27.899906 27.458269 -2.708748
v 29.501047 27.276369 -1.056885
v 29.501047 27.458269 -1.056885
v 27.784760 27.276369 -2.622238
v 27.784760 27.458269 -2.622238
v 26.183620 27.276369 -0.970383
v 26.183620 27.458269 -0.970383
v 26.058159 27.276369 -1.068474
v 26.058159 27.458269 -1.068474
v 27.659304 27.276369 -2.720337
v 27.659304 27.458269 -2.720337
v 26.078371 27.276369 -0.958794
v 26.078371 27.458269 -0.958794
v 24.477228 27.276369 -2.610649
v 24.477228 27.458269 -2.610649
v 24.602688 27.276369 -2.708748
v 24.602688 27.458269 -2.708748
v 26.203831 27.276369 -1.056885
v 26.203831 27.458269 -1.056885
v 24.477396 27.276369 -2.622238
v 24.477396 27.458269 -2.622238
v 22.876257 27.276369 -0.970383
v 22.876257 27.458269 -0.970383
v 22.750792 27.276369 -1.068474
v 22.750792 27.458269 -1.068474
v 24.351936 27.276369 -2.720337
v 24.351936 27.458269 -2.720337
v 17.874405 27.276369 -2.622238
v 17.874405 27.458269 -2.622238
v 16.273262 27.276369 -0.970383
v 16.273262 27.458269 -0.970383
v 16.147802 27.276369 -1.068474
v 16.147802 27.458269 -1.068474
v 17.748943 27.276369 -2.720337
v 17.748943 27.458269 -2.720337
v 19.475378 27.276369 -0.958794
v 19.475378 27.458269 -0.958794
v 17.874235 27.276369 -2.610649
v 17.874235 27.458269 -2.610649
v 17.999695 27.276369 -2.708748
v 17.999695 27.458269 -2.708748
v 19.600838 27.276369 -1.056885
v 19.600838 27.458269 -1.056885
v 22.772594 27.276369 -0.958794
v 22.772594 27.458269 -0.958794
v 21.171452 27.276369 -2.610649
v 21.171452 27.458269 -2.610649
v 21.296913 27.276369 -2.708748
v 21.296913 27.458269 -2.708748
v 22.898056 27.276369 -1.056885
v 22.898056 27.458269 -1.056885
v 21.181770 27.276369 -2.622238
v 21.181770 27.458269 -2.622238
v 19.580627 27.276369 -0.970383
v 19.580627 27.458269 -0.970383
v 19.455170 27.276369 -1.068474
v 19.455170 27.458269 -1.068474
v 21.056309 27.276369 -2.720337
v 21.056309 27.458269 -2.720337
v 11.271410 27.276369 -2.622238
v 11.271410 27.458269 -2.622238
v 9.670269 27.276369 -0.970383
v 9.670269 27.458269 -0.970383
v 9.544807 27.276369 -1.068474
v 9.544807 27.458269 -1.068474
v 11.145950 27.276369 -2.720337
v 11.145950 27.458269 -2.720337
v 12.872387 27.276369 -0.958794
v 12.872387 27.458269 -0.958794
v 11.271244 27.276369 -2.610649
v 11.271244 27.458269 -2.610649
v 11.396703 27.276369 -2.708748
v 11.396703 27.458269 -2.708748
v 12.997847 27.276369 -1.056885
v 12.997847 27.458269 -1.056885
v 16.169603 27.276369 -0.958794
v 16.169603 27.458269 -0.958794
v 14.568460 27.276369 -2.610649
v 14.568460 27.458269 -2.610649
v 14.693919 27.276369 -2.708748
v 14.693919 27.458269 -2.708748
v 16.295063 27.276369 -1.056885
v 16.295063 27.458269 -1.056885
v 14.578775 27.276369 -2.622238
v 14.578775 27.458269 -2.622238
v 12.977634 27.276369 -0.970383
v 12.977634 27.458269 -0.970383
v 12.852175 27.276369 -1.068474
v 12.852175 27.458269 -1.068474
v 14.453316 27.276369 -2.720337
v 14.453316 27.458269 -2.720337
v 4.668415 27.276369 -2.622238
v 4.668415 27.458269 -2.622238
v 3.067274 27.276369 -0.970383
v 3.067274 27.458269 -0.970383
v 2.941814 27.276369 -1.068474
v 2.941814 27.458269 -1.068474
v 4.542955 27.276369 -2.720337
v 4.542955 27.458269 -2.720337
v 6.269394 27.276369 -0.958794
v 6.269394 27.458269 -0.958794
v 4.668251 27.276369 -2.610649
v 4.668251 27.458269 -2.610649
v 4.793709 27.276369 -2.708748
v 4.793709 27.458269 -2.708748
v 6.394854 27.276369 -1.056885
v 6.394854 27.458269 -1.056885
v 9.566611 27.276369 -0.958794
v 9.566611 27.458269 -0.958794
v 7.965469 27.276369 -2.610649
v 7.965469 27.458269 -2.610649
v 8.090927 27.276369 -2.708748
v 8.090927 27.458269 -2.708748
v 9.692072 27.276369 -1.056885
v 9.692072 27.458269 -1.056885
v 7.975784 27.276369 -2.622238
v 7.975784 27.458269 -2.622238
v 6.374643 27.276369 -0.970383
v 6.374643 27.458269 -0.970383
v 6.249182 27.276369 -1.068474
v 6.249182 27.458269 -1.068474
v 7.850325 27.276369 -2.720337
v 7.850325 27.458269 -2.720337
v 2.963617 27.276369 -0.958794
v 2.963617 27.458269 -0.958794
v 1.362474 27.276369 -2.610649
v 1.362474 27.458269 -2.610649
v 1.487934 27.276369 -2.708748
v 1.487934 27.458269 -2.708748
v 3.089079 27.276369 -1.056885
v 3.089079 27.458269 -1.056885
v 1.372791 27.276369 -2.622238
v 1.372791 27.458269 -2.622238
v -0.228352 27.276369 -0.970383
v -0.228352 27.458269 -0.970383
v -0.353809 27.276369 -1.068474
v -0.353809 27.458269 -1.068474
v 1.247332 27.276369 -2.720337
v 1.247332 27.458269 -2.720337
v 29.375587 29.198187 -0.881577
v 29.375587 29.198187 -1.063477
v 27.774446 27.546331 -0.881577
v 27.774446 27.546331 -1.063477
v 27.899906 27.448238 -0.881577
v 27.899906 27.448238 -1.063477
v 29.501047 29.100090 -0.881577
v 29.501047 29.100090 -1.063477
v 27.784760 27.534740 -0.881577
v 27.784760 27.534740 -1.063477
v 26.183620 29.186600 -0.881577
v 26.183620 29.186600 -1.063477
v 26.058159 29.088503 -0.881577
v 26.058159 29.088503 -1.063477
v 27.659304 27.436647 -0.881577
v 27.659304 27.436647 -1.063477
v 26.078371 29.198187 -0.881577
v 26.078371 29.198187 -1.063477
v 24.477228 27.546331 -0.881577
v 24.477228 27.546331 -1.063477
v 24.602688 27.448238 -0.881577
v 24.602688 27.448238 -1.063477
v 26.203831 29.100090 -0.881577
v 26.203831 29.100090 -1.063477
v 24.477396 27.534740 -0.881577
v 24.477396 27.534740 -1.063477
v 22.876257 29.186600 -0.881577
v 22.876257 29.186600 -1.063477
v 22.750792 29.088503 -0.881577
v 22.750792 29.088503 -1.063477
v 24.351936 27.436647 -0.881577
v 24.351936 27.436647 -1.063477
v 17.874405 27.534740 -0.881577
v 17.874405 27.534740 -1.063477
v 16.273262 29.186600 -0.881577
v 16.273262 29.186600 -1.063477
v 16.147802 29.088503 -0.881577
v 16.147802 29.088503 -1.063477
v 17.748943 27.436647 -0.881577
v 17.748943 27.436647 -1.063477
v 19.475378 29.198187 -0.881577
v 19.475378 29.198187 -1.063477
v 17.874235 27.546331 -0.881577
v 17.874235 27.546331 -1.063477
v 17.999695 27.448238 -0.881577
v 17.999695 27.448238 -1.063477
v 19.600838 29.100090 -0.881577
v 19.600838 29.100090 -1.063477
v 22.772594 29.198187 -0.881577
v 22.772594 29.198187 -1.063477
v 21.171452 27.546331 -0.881577
v 21.171452 27.546331 -1.063477
v 21.296913 27.448238 -0.881577
v 21.296913 27.448238 -1.063477
v 22.898056 29.100090 -0.881577
v 22.898056 29.100090 -1.063477
v 21.181770 27.534740 -0.881577
v 21.181770 27.534740 -1.063477
v 19.580627 29.186600 -0.881577
v 19.580627 29.186600 -1.063477
v 19.455170 29.088503 -0.881577
v 19.455170 29.088503 -1.063477
v 21.056309 27.436647 -0.881577
v 21.056309 27.436647 -1.063477
v 11.271410 27.534740 -0.881577
v 11.271410 27.534740 -1.063477
v 9.670269 29.186600 -0.881577
v 9.670269 29.186600 -1.063477
v 9.544807 29.088503 -0.881577
